[[[44.807702,-0.588413],[44.807446,-0.586268],[44.80746,-0.586126],[44.81139,-0.582048],[44.814592,-0.582546],[44.815514,-0.582858],[44.815768,-0.582963],[44.81714,-0.583565],[44.817101,-0.584428],[44.816841,-0.585052],[44.815164,-0.586907],[44.810545,-0.590764],[44.810297,-0.590785],[44.807702,-0.588413]],

 [[44.802496,-0.584092],[44.802367,-0.583833],[44.804127,-0.580901],[44.806752,-0.577759],[44.807927,-0.57962],[44.810676,-0.585198],[44.807342,-0.588944],[44.80608,-0.588033],[44.802496,-0.584092]],

 [[44.808468,-0.584997],[44.806715,-0.578787],[44.808081,-0.576083],[44.809286,-0.574586],[44.809914,-0.574029],[44.81251,-0.573701],[44.811855,-0.583012],[44.808468,-0.584997]],

 [[44.80826,-0.60165],[44.803464,-0.594673],[44.805949,-0.592167],[44.81228,-0.586308],[44.815096,-0.587199],[44.813415,-0.598947],[44.812619,-0.600448],[44.80826,-0.60165]],

 [[44.82018,-0.590767],[44.818651,-0.587901],[44.818688,-0.587036],[44.821223,-0.583739],[44.821653,-0.58372],[44.822468,-0.584911],[44.823689,-0.586834],[44.824391,-0.587953],[44.824443,-0.588036],[44.822825,-0.589296],[44.820244,-0.590843],[44.82018,-0.590767]],

 [[44.817556,-0.580383],[44.817535,-0.578705],[44.817923,-0.578609],[44.81831,-0.579035],[44.819116,-0.57999],[44.82073,-0.582265],[44.821192,-0.582989],[44.821172,-0.583209],[44.820934,-0.584737],[44.82054,-0.585797],[44.820445,-0.585999],[44.82031,-0.586169],[44.819968,-0.586223],[44.81955,-0.586239],[44.819469,-0.586159],[44.818368,-0.584915],[44.818155,-0.584451],[44.817556,-0.580383]],

 [[44.814007,-0.59174],[44.813119,-0.590438],[44.813337,-0.590073],[44.815443,-0.586699],[44.816235,-0.585935],[44.816997,-0.58547],[44.817057,-0.585435],[44.817623,-0.585107],[44.818156,-0.584803],[44.819119,-0.584689],[44.820095,-0.590933],[44.816815,-0.592471],[44.815882,-0.592612],[44.814007,-0.59174]],

 [[44.820091,-0.592302],[44.819897,-0.592029],[44.819958,-0.591752],[44.820101,-0.591106],[44.820602,-0.589188],[44.82456,-0.588229],[44.825216,-0.589269],[44.825238,-0.589443],[44.824954,-0.589996],[44.824813,-0.590249],[44.82358,-0.592408],[44.823407,-0.592708],[44.823306,-0.592877],[44.823218,-0.593009],[44.823121,-0.593086],[44.82192,-0.593907],[44.82174,-0.593873],[44.820091,-0.592302]],

 [[44.814014,-0.594588],[44.813972,-0.594461],[44.814321,-0.592047],[44.817063,-0.588963],[44.817151,-0.588884],[44.818787,-0.589213],[44.821802,-0.594006],[44.81997,-0.596872],[44.817469,-0.597505],[44.816329,-0.596973],[44.815396,-0.59641],[44.814014,-0.594588]],

 [[44.814154,-0.607422],[44.812619,-0.600448],[44.813178,-0.597875],[44.813804,-0.596338],[44.821647,-0.594993],[44.818733,-0.601573],[44.818144,-0.602486],[44.814676,-0.607853],[44.814499,-0.607809],[44.814244,-0.607671],[44.814154,-0.607422]],

 [[44.813408,-0.579963],[44.811912,-0.579837],[44.811924,-0.578486],[44.812517,-0.574624],[44.812745,-0.574012],[44.81447,-0.57454],[44.81481,-0.57465],[44.814951,-0.574937],[44.814934,-0.57507],[44.814648,-0.577293],[44.814535,-0.578171],[44.8145,-0.57844],[44.813738,-0.579931],[44.813408,-0.579963]],

 [[44.817499,-0.585076],[44.812633,-0.58224],[44.813417,-0.579076],[44.813677,-0.578206],[44.815017,-0.574734],[44.815126,-0.574764],[44.81537,-0.574903],[44.816465,-0.575668],[44.816776,-0.576725],[44.817041,-0.578797],[44.817466,-0.582233],[44.817519,-0.584804],[44.817499,-0.585076]],

 [[44.799579,-0.579674],[44.799548,-0.57961],[44.799644,-0.578413],[44.799727,-0.57815],[44.80225,-0.574937],[44.803422,-0.574125],[44.805001,-0.573198],[44.805651,-0.572929],[44.805923,-0.572842],[44.8066,-0.573126],[44.806835,-0.576248],[44.806227,-0.578713],[44.806173,-0.578856],[44.805702,-0.579395],[44.805626,-0.579463],[44.804103,-0.580522],[44.801322,-0.580817],[44.799791,-0.579999],[44.799648,-0.579813],[44.799579,-0.579674]],

 [[44.800127,-0.584811],[44.795449,-0.580601],[44.79807,-0.578102],[44.798991,-0.577238],[44.799335,-0.576992],[44.801217,-0.575652],[44.801723,-0.57532],[44.80379,-0.580133],[44.803907,-0.581115],[44.803597,-0.586421],[44.803359,-0.586464],[44.800127,-0.584811]],

 [[44.803468,-0.591941],[44.799943,-0.5904],[44.801944,-0.585682],[44.805692,-0.585699],[44.806231,-0.586275],[44.805118,-0.590926],[44.803468,-0.591941]],

 [[44.799206,-0.590534],[44.794394,-0.586678],[44.794707,-0.583254],[44.796037,-0.582287],[44.796175,-0.582208],[44.798353,-0.58292],[44.802014,-0.584493],[44.803565,-0.586805],[44.801153,-0.589759],[44.799206,-0.590534]],

 [[44.797026,-0.605193],[44.795857,-0.603237],[44.799788,-0.596517],[44.801336,-0.594322],[44.801943,-0.593846],[44.802083,-0.593752],[44.804541,-0.592612],[44.807027,-0.591728],[44.80752,-0.591585],[44.807,-0.603269],[44.806403,-0.604451],[44.805806,-0.605632],[44.798488,-0.607305],[44.797026,-0.605193]],

 [[44.794,-0.591918],[44.793828,-0.590652],[44.794107,-0.586833],[44.794901,-0.586514],[44.79881,-0.585099],[44.798914,-0.585509],[44.800365,-0.59355],[44.798891,-0.597356],[44.798781,-0.597249],[44.794,-0.591918]],

 [[44.790565,-0.602617],[44.788175,-0.589324],[44.79847,-0.591719],[44.801251,-0.59368],[44.798595,-0.598377],[44.798187,-0.599046],[44.795458,-0.602332],[44.792891,-0.604847],[44.792388,-0.605025],[44.792297,-0.605031],[44.791748,-0.605048],[44.791534,-0.605037],[44.791212,-0.605017],[44.790756,-0.603385],[44.790565,-0.602617]],

 [[44.788948,-0.588308],[44.788927,-0.587466],[44.790598,-0.585414],[44.794588,-0.581483],[44.796117,-0.580011],[44.797273,-0.581045],[44.794869,-0.58754],[44.788948,-0.588308]],

 [[44.791964,-0.591299],[44.788966,-0.588418],[44.794014,-0.586641],[44.793646,-0.591048],[44.793466,-0.591119],[44.791964,-0.591299]]]